20 20
1 2 2 1 3 4 6 9 4 1 2 3 57 0 12 4 4 7 1 1 1 2 3 4 9 8 -1 3 5 67 4 1 2 3 5 -3 0 1 2 21
2 0 4 2 4 6 9 0 2 4 5 7 2 4 6 12 4 5 7 8 2 4 6 3 4 7 8 3 1 2 3 4 5 6 8 9 5 4 6 6
1 2 2 1 3 4 6 9 4 1 2 3 57 0 12 4 4 7 1 1 2 4 6 3 4 7 8 3 1 2 3 4 5 6 8 9 5 4 6 6
2 0 4 2 4 6 9 0 2 4 5 7 2 4 6 12 4 5 7 8 1 2 3 4 9 8 -1 3 5 67 4 1 2 3 5 -3 0 1 2 21
1 2 2 1 3 4 6 9 4 1 2 3 57 0 12 4 4 7 1 1 2 4 6 3 4 7 8 3 1 2 3 4 5 6 8 9 5 4 6 6
2 0 4 2 4 6 9 0 2 4 5 7 2 4 6 12 4 5 7 8 1 2 3 4 9 8 -1 3 5 67 4 1 2 3 5 -3 0 1 2 21
1 2 2 1 3 4 6 9 4 1 2 3 57 0 12 4 4 7 1 1 2 4 6 3 4 7 8 3 1 2 3 4 5 6 8 9 5 4 6 6
2 0 4 2 4 6 9 0 2 4 5 7 2 4 6 12 4 5 7 8 2 4 6 3 4 7 8 3 1 2 3 4 5 6 8 9 5 4 6 6
1 2 2 1 3 4 6 9 4 1 2 3 57 0 12 4 4 7 1 1 2 4 6 3 4 7 8 3 1 2 3 4 5 6 8 9 5 4 6 6
2 0 4 2 4 6 9 0 2 4 5 7 2 4 6 12 4 5 7 8 1 2 3 4 9 8 -1 3 5 67 4 1 2 3 5 -3 0 1 2 21
1 2 2 1 3 4 6 9 4 1 2 3 57 0 12 4 4 7 1 1 1 2 3 4 9 8 -1 3 5 67 4 1 2 3 5 -3 0 1 2 21
2 0 4 2 4 6 9 0 2 4 5 7 2 4 6 12 4 5 7 8 1 2 3 4 9 8 -1 3 5 67 4 1 2 3 5 -3 0 1 2 21
1 2 2 1 3 4 6 9 4 1 2 3 57 0 12 4 4 7 1 1 2 4 6 3 4 7 8 3 1 2 3 4 5 6 8 9 5 4 6 6
2 0 4 2 4 6 9 0 2 4 5 7 2 4 6 12 4 5 7 8 1 2 3 4 9 8 -1 3 5 67 4 1 2 3 5 -3 0 1 2 21
1 2 2 1 3 4 6 9 4 1 2 3 57 0 12 4 4 7 1 1 2 4 6 3 4 7 8 3 1 2 3 4 5 6 8 9 5 4 6 6
2 0 4 2 4 6 9 0 2 4 5 7 2 4 6 12 4 5 7 8 1 2 3 4 9 8 -1 3 5 67 4 1 2 3 5 -3 0 1 2 21
1 2 2 1 3 4 6 9 4 1 2 3 57 0 12 4 4 7 1 1 2 4 6 3 4 7 8 3 1 2 3 4 5 6 8 9 5 4 6 6
2 0 4 2 4 6 9 0 2 4 5 7 2 4 6 12 4 5 7 8 2 4 6 3 4 7 8 3 1 2 3 4 5 6 8 9 5 4 6 6
1 2 2 1 3 4 6 9 4 1 2 3 57 0 12 4 4 7 1 1 1 2 3 4 9 8 -1 3 5 67 4 1 2 3 5 -3 0 1 2 21
2 0 4 2 4 6 9 0 2 4 5 7 2 4 6 12 4 5 7 8 1 2 3 4 9 8 -1 3 5 67 4 1 2 3 5 -3 0 1 2 21
20 20
3 0 1 5 9 2 2 6 -2 5 6 -2 5 6 1 3 5 6 2 2
6 -1 2 1 2 4 5 1 5 7 8 4 3 2 5 7 4 2 6 7 1 2 3 4 9 8 -1 3 5 67 4 1 2 3 5 -3 0 1 2 21
2 0 4 2 4 6 9 0 2 4 5 7 2 4 6 12 4 5 7 8 2 4 6 3 4 7 8 3 1 2 3 4 5 6 8 9 5 4 6 6
6 -1 2 1 2 4 5 1 5 7 8 4 3 2 5 7 4 2 6 7 1 2 3 4 9 8 -1 3 5 67 4 1 2 3 5 -3 0 1 2 21 
3 0 1 5 9 2 2 6 -2 5 6 -2 5 6 1 3 5 6 2 2 1 2 3 4 9 8 -1 3 5 67 4 1 2 3 5 -3 0 1 2 21
2 0 4 2 4 6 9 0 2 4 5 7 2 4 6 12 4 5 7 8 2 4 6 3 4 7 8 3 1 2 3 4 5 6 8 9 5 4 6 6 
2 0 4 2 4 6 9 0 2 4 5 7 2 4 6 12 4 5 7 8 2 4 6 3 4 7 8 3 1 2 3 4 5 6 8 9 5 4 6 6
2 0 4 2 4 6 9 0 2 4 5 7 2 4 6 12 4 5 7 8 1 2 3 4 9 8 -1 3 5 67 4 1 2 3 5 -3 0 1 2 21 
3 0 1 5 9 2 2 6 -2 5 6 -2 5 6 1 3 5 6 2 2 1 2 3 4 9 8 -1 3 5 67 4 1 2 3 5 -3 0 1 2 21
2 0 4 2 4 6 9 0 2 4 5 7 2 4 6 12 4 5 7 8 1 2 3 4 9 8 -1 3 5 67 4 1 2 3 5 -3 0 1 2 21
2 0 4 2 4 6 9 0 2 4 5 7 2 4 6 12 4 5 7 8 1 2 3 4 9 8 -1 3 5 67 4 1 2 3 5 -3 0 1 2 21
2 0 4 2 4 6 9 0 2 4 5 7 2 4 6 12 4 5 7 8 1 2 3 4 9 8 -1 3 5 67 4 1 2 3 5 -3 0 1 2 21
2 0 4 2 4 6 9 0 2 4 5 7 2 4 6 12 4 5 7 8 2 4 6 3 4 7 8 3 1 2 3 4 5 6 8 9 5 4 6 6
6 -1 2 1 2 4 5 1 5 7 8 4 3 2 5 7 4 2 6 7 1 2 3 4 9 8 -1 3 5 67 4 1 2 3 5 -3 0 1 2 21 
2 0 4 2 4 6 9 0 2 4 5 7 2 4 6 12 4 5 7 8 2 4 6 3 4 7 8 3 1 2 3 4 5 6 8 9 5 4 6 6
2 0 4 2 4 6 9 0 2 4 5 7 2 4 6 12 4 5 7 8 2 4 6 3 4 7 8 3 1 2 3 4 5 6 8 9 5 4 6 6 
2 0 4 2 4 6 9 0 2 4 5 7 2 4 6 12 4 5 7 8 2 4 6 3 4 7 8 3 1 2 3 4 5 6 8 9 5 4 6 6
2 0 4 2 4 6 9 0 2 4 5 7 2 4 6 12 4 5 7 8 1 2 3 4 9 8 -1 3 5 67 4 1 2 3 5 -3 0 1 2 21 
2 0 4 2 4 6 9 0 2 4 5 7 2 4 6 12 4 5 7 8 2 4 6 3 4 7 8 3 1 2 3 4 5 6 8 9 5 4 6 6
2 0 4 2 4 6 9 0 2 4 5 7 2 4 6 12 4 5 7 8 1 2 3 4 9 8 -1 3 5 67 4 1 2 3 5 -3 0 1 2 21